$ANSIBLE_VAULT;1.1;AES256
34366162356562366639636463373738613631323238623833373062303030656630616431363863
6566663533393436663965613762623032313032643862650a636366643236363236353233343738
63333063363438376463353463643138306137626562336664326231636163393062343239333631
3662383830303239330a346164393332323735373033313836373138393434333237336565303031
33633836646434383033616535316232626238613435326164313332396439346336363861373836
37653734616532616562343539386135663566393336333635613037383466383762306337633765
39386638323065633761633231613661396635306236626631653565336661323366663133306633
31633465323535643332646164646137363131373566386239303334336165613430306530666334
66383633613636316232333861383565356138346330373639383865643661643831656337366463
62303064303539306232633761363738353339633266336636663364313830393366396465316632
32373466333435333961333730636663393762393630623830353661613934396530666530313234
38353762363938356465366365663339346562623931393235396231346563353837343761313664
30663065303035356335626336643736356631313530393438646639343435316264343261366532
33636538353763633330363332386331623934376531626330643261393865663966393739396634
36623930313732303838653936653864623132353039653433613139383631363234613537666439
36313564323766363263356639666131633331656636323737306663643565356566353238323465
63336662393437356437373235626564323263316433353462303836333034336365373765383535
35633862393138313133663866383063373764306361633064643464363338643637353066623365
66636161366538303866323537303462633930333164373063303833336238346664343439393739
38393062663337366561353639303532313666303534643738333965393535396333633662306665
34613164313535386665373365396661326537343966366230623862373265333665666561623434
38623639353765623462386665383430636133656432396662623234346133626566376365353138
36303932346133333334663836623064646235393664373730343835326131383933613236643435
64663139306366656330316539313837313964653034386666326261373033373030323764313833
34323835336264333835363638393563663363386633333134666239316162363866366235656139
38326430366530663334386161663635613933343431303833626635613762666438333430373466
37663234626362663063313461386663383836356336386136393634396234386338333938373162
65396539386466316337613161633562353262383830653335393136316233373661353531613664
34646462363639643536373032643663346531316334626362643431356363353935363539643464
30643631616330613165346464396133316639643166636230623263366566353435306136373639
63643233626136636438643538303832353537326435643036633435616131303362326130373964
64386365303032393135326463363031363737333733333162373534336361333061633765666233
62333035396639393663383666666562373662336432636366356562373961326531653233333163
66663366643539366636623839396237323966616437303466623631623961633062303331353234
34323338393435616665646463653631333433356465646538656163303630383031383234316664
65373864356133363238386235353934376266653138363433343036303161373034636330386666
33396234633634343731386436313039323030336265653062346230353261366238356432353936
61343863316536313338303632643530373233346633336239346434643537346436303664303336
36633238653635343531306634643935666132383337613033383736306136353563623930386561
65343432393337333066383237633333623132646163303338376530646562383463383063366562
32343937323664323538373733633364623861633831383866313931323331313739343730633336
35346233306563666639353139393562646231303831666630316431313531386461303438383039
63313037623566626564396431656136333866633134386536663333353433626464303433343435
31373930376561663965636366663466643434623938303136303337613533666538363331633566
33616530323666653735366136353665623864303430663163636562613834313062626639363765
33656462316437323839343864376534663331383533383266656331386536376135646332373932
65353534663338336266343563643561346436336439633036643338393034656131356166626264
39376235386539656265383035333665363338626237313530346162323037663066666264363565
30363762386232313139643466393134613861386336376234373165373164636438633664613566
33366531323432383739353533353639393963613166343130623631373562323237656561326436
34383134633831333366663537323236636163303932323133653063383933643537316466393161
33353262303566336437663830666237333437666564323564323663633431373835376330633335
64303665386134313733633237653030373432303335353038343563383930383130623837303563
34643532363836653462303433313639656431363739633165363363313335373361373564306637
65626165393135646135383861396439663361393063343735643931616133336139303562383766
34333466623837353138373531353639326535313033326331323661313439346432353436386262
34613136313836616233316534613733386266656630313232346332346432346235306562306530
39373531663237313232326330313962383637383434626463366561653662613930623231323635
39646537623138323163663862633831386336353133313933633864363538313435666661396231
63313235386330623136663463633263366132653833643062626330653161393966396633643862
37613866303065653438303937666164643534313761353832393336316461386130363931316561
34643034343635636362366434653832666663383062346365333135383430353833646132653933
30616530636534643332303537343335623938656566336435623561356635393565653464336335
32613938363537663736326630353761613536623863373330363563376333633163313464333333
35623364313633393131333663346465396631383638396163396361633431646362323639663839
37626139663863313336393561656137643566653766663831353336313632616634653738353163
61666236393739356137623464313934313132303239303032616630616232363836353134326134
63643265383631386633316462613935336266316231313537653232633330663430386662396336
65616538323930623435343630346562646330323534643033613231326339313136343430313535
61623339306336356261623030306339306136313365623630346134623433633734313935303862
38363237666333623965313262336633363431353937316634653039663064396263376237616333
64313264626364666430323834346539326531303035313732656665333433336566633035666363
33323666303133396632396561643530666431316130313232666166646237646439646338346133
37653262643463633463653463323134333937303739373436636364346565313164616563653266
32616638633731383530333539643463306361626362663563396139306137656563613733313336
33613233313461653736613037663161386633656666643332623139346236363564353437663438
34666132383538326430333664633136313431616636623361613534326432316434626364663630
66326439303138316563396438353765636334626566396135313165396337613132633566396335
62323339313264396231613266356436613236653134326662386361613838373839363132656230
30616334623263333135666133323333373465356134646631303036323535376233353339373238
35343763373462643739613037393661346339313239393332636330633330313238393662633637
33313032316263356561336237633639656261366136666161333464356539663337373137323963
39303362326665643931386231643333313733313362336265616133633035633064393430626638
32353335306537326230653837353161343461346662373861613132633632396533353839393737
65316536656137383365633564393131656434303163623934306165623461323862623435323238
66323362313330376538636138626338303461356462313530613064363432666162326433656466
65316632616235656664656332326432306239623131656533663636663836376463313633323738
36373134396161386235616465383634336261323465643239636263643036376433376335636131
33343565323337373764316565373736326334666639363339386161373365636462626365633165
62383366353564666636333832633339656136326335386264363564643934663332326163643866
38373932623438353637663437316364336537656133356261653561303066633264666237316162
62353063366133313965336330656534373339663535656134326631323631623464373338313534
34323231663636376634626332356266643763353031626162643037663066353330393165393163
38636530623239363962326366626231636537316630346635623434376565356435623363616535
37353838663735343432383365616537303532613565633435333130316332646333346336653862
38633931643236626139336261353330393033643538353639363261323536616635376630393431
64393966363332623134386561393464393734636661323339333235366463396338643361316532
31626663336162616666386362396537396463656564343230616139323934366231616539656135
62333761666565346132646130343264306237656462393233356163383038336134636335626561
36623261663066343261613830336463646666366637663263626562653834373335376438326135
38343965343664386366663036373731336634653266396435363163646266313637323732326431
31616334393263646134353961316431643631393466393466396563633238653564356639393235
63366131646336616265336532663638316337643033653238373132316632323963346339313163
39393562393264366133343030353137313939363666386335366430343233343031633864323136
32333963356438323966353463376661366331356137613132396236313166616637326566646562
33353736613865666133313962613736373436346236626137626637353562386362313966613338
33383764623564346435353935333630363230636639326265316465303765386633653336626631
61613430636232656631376637656565373733643564666464356532346361373566353737383263
65333137613939343134336136613766396461613235316331633361323765373165313739313165
30616434633834323061336433626661306564653464363636393938373264633230633066376635
62323232336165303532653338373664303939626130353235656236626632373166346463396136
33336237616661353936373034313232653466356230323865643138336164653334643038623337
31393530393734343136326133363764386162333434363564653330323332653437393131333963
62323431613861363466643330623233633135643064343336353162323237303935326530393633
36353661666365316361313266663264656333323630623531373332356136626563376137383663
31663135663937343531653532313131353134636134333434353865353834666366393932333032
32643466666562353136313861626531663336316639616630383039303133656232633661613762
30663233643636643531613138313234386339633439616562656463326361653639663333643966
39306662346535316439343863353062343765613366396632656339653265663530333131633831
64333739303538333633396430613062613439653038656433633762643030393231356337663166
37316331333561393764656337613034333035646262333930373839313039353434366564373236
62313630353831366633303839386265636164313034383530643234386432353233316165393736
36396132343239393865353766353932633639643761373932346264623966336161313135333363
64633866386537656436343332353134333463303561326264393930326537353363356436663631
30316137363063363865386234616431383066316230346433303238373438313863623166633163
36303863366239376332393431623237653865323838306533646236626530613630376263366434
65313733323361626365316431303737393265366365653336633336323962666166363937636539
34626437393636323961336264616230666139353966316161383937333535366431313137636266
33623531316261636437333032383465626166626166373737306663626363376637333762306436
37613362316334653731656164356539383264323835386565623235353431383334653932393761
30643063353237313563623134356138636261313535376130633062313266353662343465336536
36386536613937393538343861626662663536333930623061653139356463303363343235383230
38636564656332616636383330333735663466303433643831326430373865343762306632656637
63366538356437616234353262363036326130303563343532663034356133613064653636306165
32663265306264303033636364353963313265393661396131393031326261343331363633376331
38363662653035626536386435396364656635353934363138353734356361326438633835386633
3539
