$ANSIBLE_VAULT;1.1;AES256
35346435326664616630663231333931333939393162383161623533376361633038643864326236
3165393738616632333965653332356234666161326461380a623033303138386435616135343737
39316362386333623363666234653066393739393432633261366633343965653338333337346637
3039613732323765660a303332656366363066333337383765666164366434363130396464666634
66636338383835353539626136383762623834623363373363643239306662373638323533313530
34623365386461336334396137613864643132653162313436643231396633643062636131383038
31336639633336316561343363326465633261656531303432333836333336386564626439393437
65343261373863313031316462383466643830646564613163643361373761616161373538366436
31353465386462623336353937626561643262336262653931643935383931663337623030336132
36336532386233613138353663303234376234666631636530343636353130623039356162343536
36323766363834656639316237383735336432653064363831666463633563353533376139646438
65323464313462623365366430303161373035623132383764633930623062346661623964323838
35616564353938346530396637313265633466373730303964376438313334313836653666646661
63326535613333616433616436386565623437633766396136653365636338613930643364346163
34303137363038303163323365333065313362653534383433356333633561376538396239346234
30326438366364313638313233393765376539383936666466336138643165336333656431663163
38393239363734373832343463643464656162373231393036303761333736326162376636383436
31306561363934386265613233343532353732653436386636383761626564396665646634373332
33343935323764643265313739343665343564303234616336666338396639386430666639393733
61663435333835336263313631376666663731373165633664643763336533373238323236383633
36393139363638633466323163353833373735366561383530613561646535616166343539383335
62663434343763616566386132373436653865326265323138663865636366346262623832343433
62386638383035616263366662363566613862623635316166383965333838616561386432663132
33386364616130313137333336616437623863363138333039316637633537663963386532353862
30386436313330656463303834646535666533306366316333666666396633306639323835356366
35353937363461633166363532653036306438346664653333656132653939386639313639326564
63396531326232343732633361323464373338626538353139623630613332393064636138393035
63336164376538613234613336376132343337623936623138373033353338313031343536393463
36633938666439643866383931333663393839326661646438356237303039646365666664326432
34313161326465643864646439316338343764643737666532653530376431313764626561386131
37303433333735306464663865323933313839313138353339306530303130396136373939323636
63306435373162613833336361383535356235653733323066316639623933343130366135636165
38663637363066363132646238646562623630356136646535313337623963376562393232303939
34316537643335303836633266613136333664333361356339666162666630396161326665343863
61616563636132626631663336323462636262363534666434306633326165653663616665363864
39376133666232333438373630326333353130616238666132303237386138636135333263313136
39323834393135373165323832356166383565323234356666333461613534623830386634646332
33333362393962613763313863663232346135343431336434626564306566303937616431666564
34393130343835643437313432386363633532343561306438623336393664326232386364306238
37646539346232633539333433626330303634313330386538656262386531663334346537383932
39343164666665616236336536336338336263363063643539623838326134376565363266306430
65313934343636336435333831663861653732613731646531666238636331323761323834366631
37373435393736613361316430646234353734313739356231383461643234643561663761303431
39353334636138643739663862383739613435386335396537383566363561313961303439646435
35653964346432376332636434336235303762343763333465396439613066653231626565613933
30356139633266313533306432373531613532326439303534326539643431633932656537613164
31393761616531383832663363313331343062326333633465643264613637393538303932393262
62613535333930363766323937303061383932356230393833613663346365323635323934323261
36326636313533613663323466373237326239663635333463346434343830313536326435396530
63363537396234623733376531646431643534656266326230313965396463333863353836376132
36373336383136366339646139366233373030643065336636653031366261356266336434623935
32333831633564396530643566333534366236316136633061346465323537663866633738376130
61626136333735333735356538613365646563326663303063363434623137396337353365303462
32343435616334306333343065323830663030646437636637643162366330386338333835656163
34653531386335373337656263396530373830386633386364366265633936336338313865633431
37633332323834363738616330323932323761666362313030383236623666303534616362353434
30336661346339636266623435313134356139643234353463313863353234663565663436363836
64353666613262653538373738343937666263356337333233666538393865663530323963356234
39306338613038353565616465376438653033636433303161643533643964373536343366346135
32333561316463383835636463323963633833376131363661393762383830353534353963353130
35336435313030613336343064633265343637643932366530613039343861363030636432383562
36653431366133363065663035636364366536363730313030646535303266643362303362643636
62366231313235373532313565373762336633383763366136383133633866393535313737643438
39656533343535613762316532623330333135396462386666613263343337363734353131386136
39616361633134323464373663343831333661326632376330383234396636333330383861363838
38623238303231636332616161393538626165366361666132363939356138373631613737636266
63626334653064396530646363313738363937643835663938623166656161646162646362326564
61386330653863616339373961646561393765306235333535313934316530646566623264393236
64643966636337396663376334646663633439613065646231643237373639666636353534626437
30333264656639656430306539646132616163323234316438356564646430623436663734646665
34663964336263663436336335326465373061363565326664333135326238393335323532396361
34336635363139646165323938393963623234316162636663393461623737383031663233653437
36393032633439306639333035303262643234626332653130653935636138653336323562336263
39333361656633303433356232373530616630343636336130306566366439383232653663363964
39336464643338616337663162616337646661373139376535313966396164616438663264336163
63363739353437386335306663623630323364343166326363316531373862616534356338613164
35656233333263656139646532383861633262323065653962626662623630306236663563303432
39643964333766313233333463363130663032633161396265613962646530343733343032653138
35356530623138663434306334616266343238373866353434376132316536663864343063316233
31306639336136336166643732326239303563623038373666366130646236393832663132326537
35303865366439326638303661356632316663346264623461666364376165353030643663623263
36396538306464623161326432396539383935356230393237303731353465633835343038623165
33396462633462313733626364636365336239323330666464626261363333653937393633613035
66653030353433383438303263303361323232313733373763633133666633646362353566383739
61303432316562636638636136396431393931386538393431626335633361323131366238376134
34653530346237663439363663613862383139303338343161396165313330663266373538633234
62376634643538373163626531323466663535353736343938373837386135643139396334333338
36626234323665646233306335336136356532386232643639633539383932353061313035333937
32373164633966386134653361316561616561353534623465303330386365613331396536376535
30366238373461366536646562363330326438653066666334623830356639346266386134663037
62383161316238323338353338386630626339323862356430353437333361633431383737633066
32666162393530633435646435376562323436386537636434613063636532663532623638663039
35636135653839303961623261333633363336336363366166393362353538303534616537313862
66346666333565343836313038356465663364383132393730626637626265313336386464343734
35366632343262623037343862633737353861303137386564376533346632323663376639393065
30633733363264383238343033643963316231383466383832653535663037363137663337653962
35656366353162393865643362623334343331613431613563316535313138346535306435343633
31323132396538326133313466376239313933363637303135303135326464303562333661323234
38656332613562656331303134626636626463366337333037333164613535376633333730613532
39633733626266646266656536366333373266356337326237353033323830613937666566306639
34386433313936623565316630633635363430396163653061363830383138396163376435356266
62303430623463663361653734333163623566383362653238316239333033373631333331363030
33613463323065626566333437393066323233363163303764633037373236643662633434646630
33343138613962633036633735656666623331306564333633616162333530323331366263333236
63633834376565356563653561636338643466636565363433616365313139623461623065303538
31303366393861326466353138376436623361326464316138626666353766626330616163393138
30353830636430646435306265613861623831666165663233373033396432323563616534633464
66653531643565663538343961366338363161396533303333663934623964643730663032663430
63386533626364623763633630323664643666333438323064383030646465356635626138663434
39616239356266636237663031303666306634643562653330613963633839636663336162663630
65333465626633356430653736376437623064653063343164383032633137653463653732313930
38613266373737376164643630633266633966616530646334636339343766626632346565393835
32353338656437613834386133636236646534653533653034326563653764643833373139383530
38323038646337656264646331393366663331353463363566353565343065616234663437633139
31316266326633613137393431343830663030313261666133353835636239636533343333333831
36636237363132653336633136643265376566366337306263383537336366363963353963343962
38316537626665396131633764613064663961653866333836633436306365623261393535323238
38336266626431316130656133363139633964346230626633346563303031393037326537373866
30383633626133343334363934623862343631323135336230353438336634643837653065313039
32356135616466633666623765616562383135633836316132306166393637386666313137373966
36613164356133303030343934633965653763356162613664316465343064393139666437336334
33396431326462633730333335356261653261313061376666663039653738663337306339353935
37643638663437313732323266313739323765626462376465353462383832633739383637653835
36303539623564626330393965646438383535353062323666643361356237373731323237616132
64633232646335336664383961626462633136653838356631306264353835343534363066663465
31333937623433633762306338336238383063666364346432616336633465636531613432326534
32363939366563313533663934376130313734623533663634613633376464353039636138663962
66643130663233623237616363623866633735316136393165616635323666313630393839353331
65336166653938386133383636613331626234346364383166346563343135623164343937303035
39343066306564316264323538623462336530643261373232636166616361613763613263626636
37613339376264613932653266323238636265333430623539393534663439313038643562393534
61343534336563323837616261613331323135653237623437663662346337353530386438363433
32393038623235653937643837326262626537643339663465323162373433613961326535303562
6232393231313365636136643530303262613336623331313939
